# Created by Octave 6.4.0, Mon Apr 03 18:23:55 2023 GMT <unknown@DESKTOP-71B23Q0>
# name: program
# type: scalar struct
# ndims: 2
 1 1
# length: 8
# name: pwd
# type: sq_string
# elements: 1
# length: 71
C:\Users\160047412\Desktop\workbench\ThermalConductivitySimulation\main


# name: is_gui
# type: bool
0


# name: working_directory
# type: sq_string
# elements: 1
# length: 136
C:\Users\160047412\Desktop\workbench\ThermalConductivitySimulation\examples\AnsysProject\FlatPlate_files\dp0\SYS-5\MECH\workingDirectory


# name: logger
# type: scalar
1


# name: save_path
# type: sq_string
# elements: 1
# length: 147
C:\Users\160047412\Desktop\workbench\ThermalConductivitySimulation\examples\AnsysProject\FlatPlate_files\dp0\SYS-5\MECH\workingDirectory\\EngSystem


# name: utd
# type: bool
0


# name: waitbar
# type: scalar
-1.5635814336720681


# name: analysis
# type: scalar struct
# ndims: 2
 1 1
# length: 22
# name: NodeIds
# type: matrix
# rows: 27
# columns: 1
 1
 2
 3
 4
 5
 6
 7
 8
 9
 10
 11
 12
 13
 14
 15
 16
 17
 18
 19
 20
 21
 22
 23
 24
 25
 26
 27


# name: Nodes
# type: matrix
# rows: 27
# columns: 3
 -10 10 10
 -10 10 -10
 -10 -10 -10
 -10 -10 10
 10 -10 -10
 10 -10 10
 10 10 -10
 10 10 10
 1.7347234759768071e-15 -1.7347234759768071e-15 -10
 -10 -1.7347234759768071e-15 -10
 1.7347234759768071e-15 -10.000000000000002 -10
 10.000000000000002 0 -10
 0 10 -10
 1.7347234759768071e-15 -1.7347234759768071e-15 10
 -10 -1.7347234759768071e-15 10
 1.7347234759768071e-15 -10.000000000000002 10
 10.000000000000002 0 10
 0 10 10
 0 9.9999999999999982 0
 -10.000000000000002 9.9999999999999982 0
 10.000000000000002 10.000000000000002 0
 10.000000000000002 0 0
 10.000000000000002 -10.000000000000002 0
 5.2041704279304213e-15 -10.000000000000002 0
 -9.9999999999999982 -10.000000000000002 0
 -9.9999999999999982 -5.2041704279304213e-15 0
 2.3491047070519264e-15 -2.2656092185660997e-15 -2.0793090275561119e-16


# name: ElementIds
# type: matrix
# rows: 1
# columns: 48
 1 2 3 4 5 6 7 8 9 10 11 12 13 14 15 16 17 18 19 20 21 22 23 24 25 26 27 28 29 30 31 32 33 34 35 36 37 38 39 40 41 42 43 44 45 46 47 48


# name: ElementTypes
# type: matrix
# rows: 2
# columns: 48
 4 4 4 4 4 4 4 4 4 4 4 4 4 4 4 4 4 4 4 4 4 4 4 4 4 4 4 4 4 4 4 4 4 4 4 4 4 4 4 4 4 4 4 4 4 4 4 4
 4 4 4 4 4 4 4 4 4 4 4 4 4 4 4 4 4 4 4 4 4 4 4 4 4 4 4 4 4 4 4 4 4 4 4 4 4 4 4 4 4 4 4 4 4 4 4 4


# name: ElementAreas
# type: matrix
# rows: 48
# columns: 1
 -1000000
 -1000000
 -1000000
 -1000000
 -1000000
 -1000000
 -1000000
 -1000000
 -1000000
 -1000000
 -1000000
 -1000000
 -1000000
 -1000000
 -1000000
 -1000000
 -1000000
 -1000000
 -1000000
 -1000000
 -1000000
 -1000000
 -1000000
 -1000000
 -1000000
 -1000000
 -1000000
 -1000000
 -1000000
 -1000000
 -1000000
 -1000000
 -1000000
 -1000000
 -1000000
 -1000000
 -1000000
 -1000000
 -1000000
 -1000000
 -1000000
 -1000000
 -1000000
 -1000000
 -1000000
 -1000000
 -1000000
 -1000000


# name: ElementVolumes
# type: matrix
# rows: 48
# columns: 1
 166.66666666666674
 166.66666666666671
 166.66666666666671
 166.66666666666671
 166.66666666666671
 166.66666666666671
 166.66666666666666
 166.66666666666671
 166.66666666666671
 166.66666666666674
 166.66666666666666
 166.66666666666674
 166.66666666666674
 166.66666666666671
 166.66666666666671
 166.66666666666671
 166.66666666666663
 166.66666666666674
 166.66666666666674
 166.66666666666671
 166.66666666666671
 166.66666666666671
 166.66666666666674
 166.66666666666671
 166.66666666666671
 166.66666666666666
 166.66666666666671
 166.66666666666671
 166.66666666666671
 166.66666666666671
 166.66666666666674
 166.6666666666668
 166.66666666666674
 166.66666666666671
 166.66666666666674
 166.66666666666663
 166.66666666666663
 166.66666666666663
 166.66666666666671
 166.66666666666674
 166.66666666666671
 166.66666666666666
 166.66666666666671
 166.66666666666663
 166.66666666666663
 166.66666666666671
 166.66666666666666
 166.66666666666674


# name: ElementNodeIds
# type: matrix
# rows: 48
# columns: 4
 14 26 19 27
 9 27 19 26
 14 24 26 27
 9 24 27 26
 9 27 22 19
 14 22 27 19
 9 24 22 27
 14 24 27 22
 8 18 22 14
 18 22 19 21
 4 16 25 26
 15 20 19 26
 14 19 15 18
 9 19 22 12
 5 9 22 12
 4 14 16 26
 9 24 26 10
 12 19 22 21
 14 16 26 24
 16 25 26 24
 14 22 19 18
 8 14 22 17
 7 19 12 21
 2 13 20 9
 7 12 19 13
 10 26 25 24
 3 11 10 24
 3 10 25 24
 9 10 11 24
 9 12 13 19
 2 9 26 10
 9 19 20 26
 8 22 18 21
 2 9 20 26
 9 13 20 19
 9 11 23 24
 5 9 11 23
 9 23 22 24
 5 22 9 23
 1 20 19 15
 14 17 16 24
 6 24 16 17
 14 22 17 24
 17 24 22 23
 6 23 24 17
 1 15 19 18
 4 14 26 15
 14 15 19 26


# name: ElementCentroids
# type: matrix
# rows: 48
# columns: 3
 -2.4999999999999987 2.4999999999999973 2.5
 -2.4999999999999987 2.4999999999999973 -2.5
 -2.4999999999999973 -2.5000000000000027 2.5
 -2.4999999999999973 -2.5000000000000027 -2.5
 2.5000000000000013 2.4999999999999987 -2.5
 2.5000000000000013 2.4999999999999987 2.5
 2.5000000000000027 -2.5000000000000013 -2.5
 2.5000000000000027 -2.5000000000000013 2.5
 5.0000000000000009 4.9999999999999991 7.5
 5.0000000000000009 7.5 2.5
 -7.4999999999999991 -7.5000000000000036 5
 -7.5000000000000009 4.9999999999999973 2.5
 -2.4999999999999996 4.9999999999999991 7.5
 5.0000000000000009 2.4999999999999991 -5
 7.5000000000000018 -2.5000000000000004 -7.5
 -4.9999999999999991 -5.0000000000000027 7.5
 -4.9999999999999973 -2.5000000000000027 -5
 7.5000000000000018 5 -2.5
 -2.4999999999999973 -5.0000000000000027 5
 -4.9999999999999973 -7.5000000000000036 2.5
 2.5000000000000009 4.9999999999999991 5
 7.5000000000000018 2.4999999999999996 7.5
 7.5000000000000018 7.5 -5
 -5.0000000000000009 7.5 -7.5
 5.0000000000000009 7.5 -7.5
 -7.4999999999999982 -5.0000000000000027 -2.5
 -4.9999999999999973 -7.5000000000000018 -7.5
 -7.4999999999999982 -7.5000000000000018 -5
 -2.4999999999999978 -5.0000000000000018 -7.5
 2.5000000000000009 4.9999999999999991 -7.5
 -7.5 2.4999999999999978 -7.5
 -4.9999999999999991 4.9999999999999973 -2.5
 7.5000000000000018 7.5000000000000009 5
 -7.5 4.9999999999999973 -5
 -2.5 7.4999999999999991 -5
 2.5000000000000027 -7.5000000000000018 -5
 5.0000000000000009 -7.5000000000000018 -7.5
 5.0000000000000027 -5.0000000000000009 -2.5
 7.5000000000000018 -5.0000000000000009 -5
 -7.5000000000000018 7.4999999999999982 5
 2.5000000000000027 -5.0000000000000009 7.5
 5.0000000000000027 -7.5000000000000018 7.5
 5.0000000000000027 -2.5000000000000009 5
 7.5000000000000036 -5.0000000000000009 2.5
 7.5000000000000036 -7.5000000000000018 5
 -5 7.5 7.5
 -7.5 -2.5000000000000022 7.5
 -4.9999999999999991 2.4999999999999973 5


# name: BoundaryConditions
# type: struct
# ndims: 2
 1 6
# length: 7
# name: Name
# type: cell
# rows: 1
# columns: 6
# name: <cell-element>
# type: sq_string
# elements: 1
# length: 11
Temperature



# name: <cell-element>
# type: sq_string
# elements: 1
# length: 13
Temperature 2



# name: <cell-element>
# type: sq_string
# elements: 1
# length: 13
Temperature 3



# name: <cell-element>
# type: sq_string
# elements: 1
# length: 13
Temperature 4



# name: <cell-element>
# type: sq_string
# elements: 1
# length: 9
Heat Flow



# name: <cell-element>
# type: sq_string
# elements: 1
# length: 11
Heat Flow 2





# name: Type
# type: cell
# rows: 1
# columns: 6
# name: <cell-element>
# type: sq_string
# elements: 1
# length: 22
LoadThermalTemperature



# name: <cell-element>
# type: sq_string
# elements: 1
# length: 22
LoadThermalTemperature



# name: <cell-element>
# type: sq_string
# elements: 1
# length: 22
LoadThermalTemperature



# name: <cell-element>
# type: sq_string
# elements: 1
# length: 22
LoadThermalTemperature



# name: <cell-element>
# type: sq_string
# elements: 1
# length: 29
LoadThermalPerfectlyInsulated



# name: <cell-element>
# type: sq_string
# elements: 1
# length: 29
LoadThermalPerfectlyInsulated





# name: GeometrySelection
# type: cell
# rows: 1
# columns: 6
