# Created by Octave 6.4.0, Sat Feb 11 02:08:22 2023 GMT <unknown@DESKTOP-71B23Q0>
# name: program
# type: scalar struct
# ndims: 2
 1 1
# length: 8
# name: pwd
# type: sq_string
# elements: 1
# length: 71
C:\Users\160047412\Desktop\workbench\ThermalConductivitySimulation\main


# name: is_gui
# type: bool
0


# name: working_directory
# type: sq_string
# elements: 1
# length: 133
C:\Users\160047412\Desktop\workbench\ThermalConductivitySimulation\examples\cubic test\cubic test_files\dp0\SYS\MECH\workingDirectory


# name: logger
# type: scalar
3


# name: save_path
# type: sq_string
# elements: 1
# length: 97
C:\Users\160047412\Desktop\workbench\ThermalConductivitySimulation\examples\cubic test\\EngSystem


# name: utd
# type: bool
0


# name: waitbar
# type: scalar
-1.5635814336720681


# name: analysis
# type: scalar struct
# ndims: 2
 1 1
# length: 22
# name: NodeIds
# type: matrix
# rows: 76
# columns: 1
 1
 2
 3
 4
 5
 6
 7
 8
 9
 10
 11
 12
 13
 14
 15
 16
 17
 18
 19
 20
 21
 22
 23
 24
 25
 26
 27
 28
 29
 30
 31
 32
 33
 34
 35
 36
 37
 38
 39
 40
 41
 42
 43
 44
 45
 46
 47
 48
 49
 50
 51
 52
 53
 54
 55
 56
 57
 58
 59
 60
 61
 62
 63
 64
 65
 66
 67
 68
 69
 70
 71
 72
 73
 74
 75
 76


# name: Nodes
# type: matrix
# rows: 76
# columns: 3
 -10 10 0
 -10 -10 0
 -10 5 0
 -10 0 0
 -10 -5 0
 -10 -10 30
 -10 -10 25
 -10 -10 20.000000000000004
 -10 -10 15.000000000000005
 -10 -10 10.000000000000005
 -10 -10 5.0000000000000062
 -10 10 30
 -10 5 30
 -10 0 30
 -10 -5 30
 -10 10 25
 -10 10 20.000000000000004
 -10 10 15.000000000000005
 -10 10 10.000000000000005
 -10 10 5.0000000000000062
 9.9999999999989999 -10 0
 -5.0000000000002505 -10 0
 -5.0133508455729725e-13 -10 0
 4.9999999999992477 -10 0
 9.9999999999989999 -10 30
 9.9999999999989999 -10 25
 9.9999999999989999 -10 20.000000000000004
 9.9999999999989999 -10 15.000000000000005
 9.9999999999989999 -10 10.000000000000005
 9.9999999999989999 -10 5.0000000000000062
 -5.0000000000002505 -10 30
 -5.0133508455729725e-13 -10 30
 4.9999999999992477 -10 30
 10 10 0
 9.9999999999992486 -5 0
 9.9999999999994991 0 0
 9.9999999999997495 5 0
 10 10 30
 10 10 25
 10 10 20.000000000000004
 10 10 15.000000000000005
 10 10 10.000000000000005
 10 10 5.0000000000000062
 9.9999999999992486 -5 30
 9.9999999999994991 0 30
 9.9999999999997495 5 30
 5 10 0
 0 10 0
 -5 10 0
 5 10 30
 0 10 30
 -5 10 30
 0 0 0
 0 0 30
 -1.0714285155492171 9.9999999999997868 18.214285802096132
 2.2351741464643471e-07 9.9999999999997868 8.7500004749745113
 1.771628377193142 9.9999999999997868 24.76668555566447
 9.9999999999996021 -1.0714286432734095 18.214285802096132
 9.9999999999996394 -2.2351725852132187e-07 8.7500004749745113
 9.9999999999997033 1.7716281002129706 24.766685674316783
 -1.0714286432737408 -9.9999999999997868 11.785714389490231
 -2.2351741638115818e-07 -9.9999999999997868 21.250000195577741
 1.7716282670011234 -9.9999999999997868 5.2333148464557135
 -10 -1.0714285155492622 18.214285802096132
 -10.000000000000002 2.2351725852132187e-07 8.7500004749745113
 -10.000000000000002 1.771628377193045 24.766685555664512
 4.5107845455393001 4.4746101661489286 4.8920938541986594
 -4.0562580538725301 4.9792139369015134 5.4830175880683045
 4.7763586361793244 4.776358661772762 14.580113664992231
 5.3440832874404736 -4.5266399716343759 4.6256023512488627
 -3.7449984122065962 -3.5425965574089004 7.3825646272552756
 -4.3513217665446096 3.9152621511991685 14.2316877216156
 4.1915157645784076 -4.1915157645788925 22.500000000000004
 4.8491446248922951 5.7521254694459678 25.325445025676135
 -3.5895300688029592 4.6880741095369594 24.17125567581326
 -5.0673299224910426 -3.7731544458382738 25.876426069401571


# name: ElementIds
# type: matrix
# rows: 1
# columns: 177
 1 2 3 4 5 6 7 8 9 10 11 12 13 14 15 16 17 18 19 20 21 22 23 24 25 26 27 28 29 30 31 32 33 34 35 36 37 38 39 40 41 42 43 44 45 46 47 48 49 50 51 52 53 54 55 56 57 58 59 60 61 62 63 64 65 66 67 68 69 70 71 72 73 74 75 76 77 78 79 80 81 82 83 84 85 86 87 88 89 90 91 92 93 94 95 96 97 98 99 100 101 102 103 104 105 106 107 108 109 110 111 112 113 114 115 116 117 118 119 120 121 122 123 124 125 126 127 128 129 130 131 132 133 134 135 136 137 138 139 140 141 142 143 144 145 146 147 148 149 150 151 152 153 154 155 156 157 158 159 160 161 162 163 164 165 166 167 168 169 170 171 172 173 174 175 176 177


# name: ElementTypes
# type: matrix
# rows: 2
# columns: 177
 4 4 4 4 4 4 4 4 4 4 4 4 4 4 4 4 4 4 4 4 4 4 4 4 4 4 4 4 4 4 4 4 4 4 4 4 4 4 4 4 4 4 4 4 4 4 4 4 4 4 4 4 4 4 4 4 4 4 4 4 4 4 4 4 4 4 4 4 4 4 4 4 4 4 4 4 4 4 4 4 4 4 4 4 4 4 4 4 4 4 4 4 4 4 4 4 4 4 4 4 4 4 4 4 4 4 4 4 4 4 4 4 4 4 4 4 4 4 4 4 4 4 4 4 4 4 4 4 4 4 4 4 4 4 4 4 4 4 4 4 4 4 4 4 4 4 4 4 4 4 4 4 4 4 4 4 4 4 4 4 4 4 4 4 4 4 4 4 4 4 4 4 4 4 4 4 4
 4 4 4 4 4 4 4 4 4 4 4 4 4 4 4 4 4 4 4 4 4 4 4 4 4 4 4 4 4 4 4 4 4 4 4 4 4 4 4 4 4 4 4 4 4 4 4 4 4 4 4 4 4 4 4 4 4 4 4 4 4 4 4 4 4 4 4 4 4 4 4 4 4 4 4 4 4 4 4 4 4 4 4 4 4 4 4 4 4 4 4 4 4 4 4 4 4 4 4 4 4 4 4 4 4 4 4 4 4 4 4 4 4 4 4 4 4 4 4 4 4 4 4 4 4 4 4 4 4 4 4 4 4 4 4 4 4 4 4 4 4 4 4 4 4 4 4 4 4 4 4 4 4 4 4 4 4 4 4 4 4 4 4 4 4 4 4 4 4 4 4 4 4 4 4 4 4


# name: ElementAreas
# type: matrix
# rows: 177
# columns: 1
 -1000000
 -1000000
 -1000000
 -1000000
 -1000000
 -1000000
 -1000000
 -1000000
 -1000000
 -1000000
 -1000000
 -1000000
 -1000000
 -1000000
 -1000000
 -1000000
 -1000000
 -1000000
 -1000000
 -1000000
 -1000000
 -1000000
 -1000000
 -1000000
 -1000000
 -1000000
 -1000000
 -1000000
 -1000000
 -1000000
 -1000000
 -1000000
 -1000000
 -1000000
 -1000000
 -1000000
 -1000000
 -1000000
 -1000000
 -1000000
 -1000000
 -1000000
 -1000000
 -1000000
 -1000000
 -1000000
 -1000000
 -1000000
 -1000000
 -1000000
 -1000000
 -1000000
 -1000000
 -1000000
 -1000000
 -1000000
 -1000000
 -1000000
 -1000000
 -1000000
 -1000000
 -1000000
 -1000000
 -1000000
 -1000000
 -1000000
 -1000000
 -1000000
 -1000000
 -1000000
 -1000000
 -1000000
 -1000000
 -1000000
 -1000000
 -1000000
 -1000000
 -1000000
 -1000000
 -1000000
 -1000000
 -1000000
 -1000000
 -1000000
 -1000000
 -1000000
 -1000000
 -1000000
 -1000000
 -1000000
 -1000000
 -1000000
 -1000000
 -1000000
 -1000000
 -1000000
 -1000000
 -1000000
 -1000000
 -1000000
 -1000000
 -1000000
 -1000000
 -1000000
 -1000000
 -1000000
 -1000000
 -1000000
 -1000000
 -1000000
 -1000000
 -1000000
 -1000000
 -1000000
 -1000000
 -1000000
 -1000000
 -1000000
 -1000000
 -1000000
 -1000000
 -1000000
 -1000000
 -1000000
 -1000000
 -1000000
 -1000000
 -1000000
 -1000000
 -1000000
 -1000000
 -1000000
 -1000000
 -1000000
 -1000000
 -1000000
 -1000000
 -1000000
 -1000000
 -1000000
 -1000000
 -1000000
 -1000000
 -1000000
 -1000000
 -1000000
 -1000000
 -1000000
 -1000000
 -1000000
 -1000000
 -1000000
 -1000000
 -1000000
 -1000000
 -1000000
 -1000000
 -1000000
 -1000000
 -1000000
 -1000000
 -1000000
 -1000000
 -1000000
 -1000000
 -1000000
 -1000000
 -1000000
 -1000000
 -1000000
 -1000000
 -1000000
 -1000000
 -1000000
 -1000000
 -1000000
 -1000000


